8
Tobacco              0 0.026115 0.02938 0.112445 0.078366 0.136264 0.12296 0.140523
Rice                 0.026115 0 0.041304 0.121047 0.088203 0.143798 0.131522 0.144723
Marchantia           0.02938 0.041304 0 0.099237 0.063947 0.122942 0.120652 0.132753
Chlamydomonas        0.112445 0.121047 0.099237 0 0.099558 0.14207 0.142857 0.156114
Chlorella            0.078366 0.088203 0.063947 0.099558 0 0.116022 0.117971 0.115894
Euglena              0.136264 0.143798 0.122942 0.14207 0.116022 0 0.159166 0.135165
Anacystis_nidulans   0.12296 0.131522 0.120652 0.142857 0.117971 0.159166 0 0.136017
Olithodiscus         0.140523 0.144723 0.132753 0.156114 0.115894 0.135165 0.136017 0
