16
AF_110423_C_olivacea     0.00000  0.00881  0.00793  0.03684  0.03500  0.03410  0.03865  0.04227  0.03681  0.03591  0.03681  0.03775  0.03413  0.03473  0.03504  0.03413 
AF_109015_C_olivacea     0.00881  0.00000  0.00657  0.04167  0.03983  0.03893  0.04261  0.04621  0.04073  0.03986  0.04073  0.04170  0.03810  0.03870  0.03900  0.03810 
AF_109025_C_olivacea     0.00793  0.00657  0.00000  0.03358  0.03173  0.03083  0.03539  0.03902  0.03354  0.03264  0.03354  0.03448  0.03085  0.03146  0.03176  0.03085 
AF_109060_C_parvulus     0.03684  0.04167  0.03358  0.00000  0.00716  0.00448  0.01613  0.02151  0.01878  0.01701  0.01878  0.01703  0.01523  0.01404  0.01435  0.01344 
AF_109018_C_parvulus     0.03500  0.03983  0.03173  0.00716  0.00000  0.00268  0.01613  0.01971  0.01699  0.01522  0.01699  0.01523  0.01344  0.01225  0.01254  0.01165 
AF_109019_C_parvulus     0.03410  0.03893  0.03083  0.00448  0.00268  0.00000  0.01344  0.01882  0.01610  0.01432  0.01610  0.01434  0.01254  0.01135  0.01165  0.01075 
AF_109037_G_magnirostris 0.03865  0.04261  0.03539  0.01613  0.01613  0.01344  0.00000  0.01252  0.00895  0.00806  0.00894  0.00805  0.00626  0.00507  0.00538  0.00447 
AF_109067_G_magnirostris 0.04227  0.04621  0.03902  0.02151  0.01971  0.01882  0.01252  0.00000  0.01253  0.01164  0.01252  0.01163  0.00984  0.00865  0.00896  0.00805 
AF_109053_G_fortis       0.03681  0.04073  0.03354  0.01878  0.01699  0.01610  0.00895  0.01253  0.00000  0.00805  0.00536  0.00806  0.00627  0.00507  0.00538  0.00448 
AF_109052_G_fortis       0.03591  0.03986  0.03264  0.01701  0.01522  0.01432  0.00806  0.01164  0.00805  0.00000  0.00805  0.00716  0.00358  0.00418  0.00448  0.00358 
AF_109035_G_magnirostris 0.03681  0.04073  0.03354  0.01878  0.01699  0.01610  0.00894  0.01252  0.00536  0.00805  0.00000  0.00805  0.00626  0.00507  0.00538  0.00447 
AF_109028_G_fortis       0.03775  0.04170  0.03448  0.01703  0.01523  0.01434  0.00805  0.01163  0.00806  0.00716  0.00805  0.00000  0.00536  0.00418  0.00448  0.00358 
AF_109036_G_magnirostris 0.03413  0.03810  0.03085  0.01523  0.01344  0.01254  0.00626  0.00984  0.00627  0.00358  0.00626  0.00536  0.00000  0.00239  0.00269  0.00179 
AF_109016_G_magnirostris 0.03473  0.03870  0.03146  0.01404  0.01225  0.01135  0.00507  0.00865  0.00507  0.00418  0.00507  0.00418  0.00239  0.00000  0.00149  0.00060 
AF_109027_G_fortis       0.03504  0.03900  0.03176  0.01435  0.01254  0.01165  0.00538  0.00896  0.00538  0.00448  0.00538  0.00448  0.00269  0.00149  0.00000  0.00090 
AF_109034_G_magnirostris 0.03413  0.03810  0.03085  0.01344  0.01165  0.01075  0.00447  0.00805  0.00448  0.00358  0.00447  0.00358  0.00179  0.00060  0.00090  0.00000 
