13
t01 0 0.094911 0.102203 0.10094 0.104615 0.10508 0.098684 0.112451 0.112392 0.09652 0.117087 0.095168 0.121441
t02 0.094911 0 0.065428 0.075139 0.100844 0.101713 0.065054 0.105183 0.105496 0.064914 0.110356 0.091673 0.116446
t03 0.102203 0.065428 0 0.073884 0.09873 0.098546 0.068816 0.112214 0.111685 0.061601 0.112451 0.093308 0.116574
t04 0.10094 0.075139 0.073884 0 0.098868 0.098409 0.077085 0.112629 0.11151 0.069248 0.116446 0.093142 0.117997
t05 0.104615 0.100844 0.09873 0.098868 0 0.091915 0.103195 0.120065 0.11365 0.091432 0.118589 0.0998 0.116382
t06 0.10508 0.101713 0.098546 0.098409 0.091915 0 0.1007 0.115373 0.113227 0.088549 0.118988 0.096741 0.119929
t07 0.098684 0.065054 0.068816 0.077085 0.103195 0.1007 0 0.106604 0.109338 0.068213 0.111277 0.09228 0.117345
t08 0.112451 0.105183 0.112214 0.112629 0.120065 0.115373 0.106604 0 0.121163 0.111277 0.121232 0.111802 0.126842
t09 0.112392 0.105496 0.111685 0.11151 0.11365 0.113227 0.109338 0.121163 0 0.110356 0.047557 0.11257 0.124517
t10 0.09652 0.064914 0.061601 0.069248 0.091432 0.088549 0.068213 0.111277 0.110356 0 0.113167 0.088777 0.112689
t11 0.117087 0.110356 0.112451 0.116446 0.118589 0.118988 0.111277 0.121232 0.047557 0.113167 0 0.114015 0.128551
t12 0.095168 0.091673 0.093308 0.093142 0.0998 0.096741 0.09228 0.111802 0.11257 0.088777 0.114015 0 0.119524
t13 0.121441 0.116446 0.116574 0.117997 0.116382 0.119929 0.117345 0.126842 0.124517 0.112689 0.128551 0.119524 0

