16
AF_110423_C_olivacea       0 0.008808 0.007933 0.036844 0.035005 0.034101 0.038653 0.042269 0.036811 0.035908 0.036811 0.037749 0.034132 0.034735 0.035036 0.034132
AF_109015_C_olivacea       0.008808 0 0.006573 0.041667 0.039829 0.038929 0.042606 0.046213 0.040729 0.039865 0.040729 0.041704 0.038097 0.038699 0.038999 0.038097
AF_109025_C_olivacea       0.007933 0.006573 0 0.033575 0.031732 0.030825 0.03539 0.03902 0.033545 0.032638 0.033545 0.034483 0.030853 0.031458 0.03176 0.030853
AF_109060_C_parvulus       0.036844 0.041667 0.033575 0 0.007162 0.004476 0.016129 0.021505 0.018784 0.01701 0.018784 0.017025 0.015233 0.014038 0.01435 0.013441
AF_109018_C_parvulus       0.035005 0.039829 0.031732 0.007162 0 0.002683 0.016129 0.019713 0.016995 0.015219 0.016995 0.015233 0.013441 0.012246 0.012545 0.011649
AF_109019_C_parvulus       0.034101 0.038929 0.030825 0.004476 0.002683 0 0.013441 0.018817 0.0161 0.014324 0.0161 0.014337 0.012545 0.01135 0.011649 0.010753
AF_109037_G_magnirostris   0.038653 0.042606 0.03539 0.016129 0.016129 0.013441 0 0.012522 0.008953 0.008057 0.008945 0.00805 0.006261 0.005073 0.005376 0.004472
AF_109067_G_magnirostris   0.042269 0.046213 0.03902 0.021505 0.019713 0.018817 0.012522 0 0.012534 0.011638 0.012522 0.011628 0.009839 0.008654 0.008961 0.00805
AF_109053_G_fortis         0.036811 0.040729 0.033545 0.018784 0.016995 0.0161 0.008953 0.012534 0 0.00805 0.005362 0.008057 0.006267 0.005073 0.005376 0.004476
AF_109052_G_fortis         0.035908 0.039865 0.032638 0.01701 0.015219 0.014324 0.008057 0.011638 0.00805 0 0.00805 0.007162 0.003581 0.004178 0.00448 0.003581
AF_109035_G_magnirostris   0.036811 0.040729 0.033545 0.018784 0.016995 0.0161 0.008945 0.012522 0.005362 0.00805 0 0.00805 0.006261 0.005073 0.005376 0.004472
AF_109028_G_fortis         0.037749 0.041704 0.034483 0.017025 0.015233 0.014337 0.00805 0.011628 0.008057 0.007162 0.00805 0 0.005357 0.004178 0.00448 0.003578
AF_109036_G_magnirostris   0.034132 0.038097 0.030853 0.015233 0.013441 0.012545 0.006261 0.009839 0.006267 0.003581 0.006261 0.005357 0 0.002387 0.002688 0.001789
AF_109016_G_magnirostris   0.034735 0.038699 0.031458 0.014038 0.012246 0.01135 0.005073 0.008654 0.005073 0.004178 0.005073 0.004178 0.002387 0 0.001493 0.000597
AF_109027_G_fortis         0.035036 0.038999 0.03176 0.01435 0.012545 0.011649 0.005376 0.008961 0.005376 0.00448 0.005376 0.00448 0.002688 0.001493 0 0.000896
AF_109034_G_magnirostris   0.034132 0.038097 0.030853 0.013441 0.011649 0.010753 0.004472 0.00805 0.004476 0.003581 0.004472 0.003578 0.001789 0.000597 0.000896 0
