30
Homo_sap      0 0.04139 0.0429 0.052568 0.108459 0.10423 0.100604 0.219033 0.21994 0.21994 0.210272 0.208157 0.212085 0.226586 0.228097 0.25287 0.248338 0.23716 0.214199 0.291843 0.270091 0.273414 0.277644 0.33565 0.334139 0.329305 0.332024 0.331722 0.338066 0.334139
Pan_trog      0.04139 0 0.02145 0.054381 0.106647 0.103625 0.099396 0.217221 0.218731 0.218731 0.207553 0.20574 0.21148 0.225982 0.227492 0.253172 0.24864 0.235952 0.215408 0.293051 0.268882 0.269789 0.274622 0.334743 0.334743 0.327795 0.329607 0.329607 0.336556 0.332326
Pan_panisc    0.0429 0.02145 0 0.051964 0.104834 0.101813 0.096979 0.219335 0.220846 0.219335 0.210574 0.206949 0.215106 0.227492 0.229003 0.253172 0.250151 0.23716 0.217221 0.296677 0.269486 0.271903 0.275529 0.336556 0.334743 0.329003 0.33142 0.332024 0.338066 0.333535
Gorilla       0.052568 0.054381 0.051964 0 0.107251 0.103625 0.099094 0.221752 0.222659 0.224169 0.212387 0.209366 0.216012 0.229003 0.230211 0.257402 0.252568 0.236254 0.222054 0.296979 0.272508 0.27432 0.275831 0.338973 0.338369 0.331722 0.333535 0.33142 0.336858 0.33565
Pongo_pygB    0.108459 0.106647 0.104834 0.107251 0 0.043807 0.118127 0.229305 0.229305 0.234441 0.222054 0.216616 0.227795 0.237764 0.23716 0.25861 0.256495 0.242296 0.224169 0.299094 0.275831 0.279154 0.280665 0.338369 0.338066 0.332326 0.335347 0.330514 0.338671 0.338973
Pongo_pygS    0.10423 0.103625 0.101813 0.103625 0.043807 0 0.118127 0.228701 0.229003 0.231722 0.219335 0.21571 0.22719 0.236254 0.236556 0.261631 0.257402 0.240181 0.22145 0.301813 0.271299 0.276133 0.27855 0.335045 0.338066 0.330816 0.332326 0.331118 0.341088 0.337462
Hylobat_la    0.100604 0.099396 0.096979 0.099094 0.118127 0.118127 0 0.221148 0.220846 0.223263 0.21148 0.20997 0.217825 0.229607 0.229909 0.25136 0.246828 0.236556 0.214804 0.29426 0.270695 0.271601 0.269789 0.33565 0.335045 0.327492 0.330211 0.324773 0.334743 0.33565
harbor_sel    0.219033 0.217221 0.219335 0.221752 0.229305 0.228701 0.221148 0 0.015408 0.093051 0.110272 0.10997 0.116314 0.145015 0.144109 0.213897 0.209668 0.201208 0.15287 0.250151 0.222054 0.236858 0.228399 0.318731 0.308459 0.297583 0.296073 0.296677 0.303927 0.316616
grey_seal     0.21994 0.218731 0.220846 0.222659 0.229305 0.229003 0.220846 0.015408 0 0.093353 0.110272 0.110272 0.120544 0.14713 0.147432 0.214804 0.210574 0.201813 0.155287 0.249849 0.221752 0.238066 0.228399 0.319033 0.306647 0.297281 0.296979 0.296073 0.305136 0.314502
Felis_cat     0.21994 0.218731 0.219335 0.224169 0.234441 0.231722 0.223263 0.093051 0.093353 0 0.100604 0.107553 0.112991 0.148943 0.14864 0.203625 0.203625 0.194864 0.15287 0.254381 0.222659 0.232024 0.230514 0.320242 0.307553 0.299698 0.3 0.300302 0.303927 0.316314
Equus_cab     0.210272 0.207553 0.210574 0.212387 0.222054 0.219335 0.21148 0.110272 0.110272 0.100604 0 0.074924 0.101511 0.129305 0.128097 0.203927 0.202115 0.187009 0.148338 0.250755 0.21148 0.229607 0.222054 0.316314 0.303625 0.296375 0.298187 0.298792 0.305136 0.309668
Rhinoceros    0.208157 0.20574 0.206949 0.209366 0.216616 0.21571 0.20997 0.10997 0.110272 0.107553 0.074924 0 0.111178 0.13565 0.134743 0.203927 0.200604 0.192447 0.154683 0.248036 0.220846 0.233535 0.228097 0.312387 0.302719 0.302719 0.300906 0.299698 0.304532 0.313293
Bos_ta_cow    0.212085 0.21148 0.215106 0.216012 0.227795 0.22719 0.217825 0.116314 0.120544 0.112991 0.101511 0.111178 0 0.119033 0.117221 0.209063 0.204834 0.193958 0.160725 0.241994 0.216616 0.228701 0.22568 0.315106 0.296979 0.299698 0.297885 0.298792 0.299698 0.307553
fin_whale     0.226586 0.225982 0.227492 0.229003 0.237764 0.236254 0.229607 0.145015 0.14713 0.148943 0.129305 0.13565 0.119033 0 0.022659 0.224773 0.221148 0.210272 0.175227 0.262236 0.229909 0.243505 0.234743 0.320544 0.307855 0.296677 0.29577 0.299396 0.306344 0.309366
blue_whale    0.228097 0.227492 0.229003 0.230211 0.23716 0.236556 0.229909 0.144109 0.147432 0.14864 0.128097 0.134743 0.117221 0.022659 0 0.222961 0.219033 0.210272 0.177039 0.262236 0.229003 0.244411 0.23565 0.319033 0.305438 0.297583 0.297885 0.299396 0.306949 0.310574
Rattus_norv   0.25287 0.253172 0.253172 0.257402 0.25861 0.261631 0.25136 0.213897 0.214804 0.203625 0.203927 0.203927 0.209063 0.224773 0.222961 0 0.095468 0.217221 0.199094 0.275831 0.245921 0.251662 0.246828 0.335347 0.321752 0.312387 0.313293 0.314804 0.317523 0.317221
Mus_mouse     0.248338 0.24864 0.250151 0.252568 0.256495 0.257402 0.246828 0.209668 0.210574 0.203625 0.202115 0.200604 0.204834 0.221148 0.219033 0.095468 0 0.213595 0.199094 0.274924 0.244109 0.248338 0.245619 0.332326 0.317825 0.310574 0.308459 0.310574 0.312689 0.316616
guinea_pig    0.23716 0.235952 0.23716 0.236254 0.242296 0.240181 0.236556 0.201208 0.201813 0.194864 0.187009 0.192447 0.193958 0.210272 0.210272 0.217221 0.213595 0 0.183384 0.267069 0.236556 0.240483 0.244411 0.320544 0.309366 0.307553 0.307251 0.303927 0.318429 0.313897
rabbit        0.214199 0.215408 0.217221 0.222054 0.224169 0.22145 0.214804 0.15287 0.155287 0.15287 0.148338 0.154683 0.160725 0.175227 0.177039 0.199094 0.199094 0.183384 0 0.252568 0.216012 0.231118 0.225076 0.315106 0.303323 0.294864 0.293353 0.290634 0.300302 0.309063
hedgehog      0.291843 0.293051 0.296677 0.296979 0.299094 0.301813 0.29426 0.250151 0.249849 0.254381 0.250755 0.248036 0.241994 0.262236 0.262236 0.275831 0.274924 0.267069 0.252568 0 0.274622 0.280363 0.281873 0.350151 0.340181 0.339879 0.340785 0.338671 0.342598 0.341692
wallaroo      0.270091 0.268882 0.269486 0.272508 0.275831 0.271299 0.270695 0.222054 0.221752 0.222659 0.21148 0.220846 0.216616 0.229909 0.229003 0.245921 0.244109 0.236556 0.216012 0.274622 0 0.143202 0.204532 0.307251 0.297583 0.289728 0.291239 0.293051 0.294864 0.296979
opossum       0.273414 0.269789 0.271903 0.27432 0.279154 0.276133 0.271601 0.236858 0.238066 0.232024 0.229607 0.233535 0.228701 0.243505 0.244411 0.251662 0.248338 0.240483 0.231118 0.280363 0.143202 0 0.216616 0.308157 0.298187 0.296979 0.3 0.301208 0.305136 0.303625
platypus      0.277644 0.274622 0.275529 0.275831 0.280665 0.27855 0.269789 0.228399 0.228399 0.230514 0.222054 0.228097 0.22568 0.234743 0.23565 0.246828 0.245619 0.244411 0.225076 0.281873 0.204532 0.216616 0 0.316314 0.306344 0.300906 0.299094 0.298187 0.305136 0.309668
chicken       0.33565 0.334743 0.336556 0.338973 0.338369 0.335045 0.33565 0.318731 0.319033 0.320242 0.316314 0.312387 0.315106 0.320544 0.319033 0.335347 0.332326 0.320544 0.315106 0.350151 0.307251 0.308157 0.316314 0 0.280363 0.27432 0.275529 0.275227 0.287311 0.295166
Xenopus_la    0.334139 0.334743 0.334743 0.338369 0.338066 0.338066 0.335045 0.308459 0.306647 0.307553 0.303625 0.302719 0.296979 0.307855 0.305438 0.321752 0.317825 0.309366 0.303323 0.340181 0.297583 0.298187 0.306344 0.280363 0 0.226888 0.231722 0.223565 0.248036 0.248943
carp          0.329305 0.327795 0.329003 0.331722 0.332326 0.330816 0.327492 0.297583 0.297281 0.299698 0.296375 0.302719 0.299698 0.296677 0.297583 0.312387 0.310574 0.307553 0.294864 0.339879 0.289728 0.296979 0.300906 0.27432 0.226888 0 0.096073 0.124471 0.16284 0.214804
loach         0.332024 0.329607 0.33142 0.333535 0.335347 0.332326 0.330211 0.296073 0.296979 0.3 0.298187 0.300906 0.297885 0.29577 0.297885 0.313293 0.308459 0.307251 0.293353 0.340785 0.291239 0.3 0.299094 0.275529 0.231722 0.096073 0 0.126586 0.164048 0.218731
trout         0.331722 0.329607 0.332024 0.33142 0.330514 0.331118 0.324773 0.296677 0.296073 0.300302 0.298792 0.299698 0.298792 0.299396 0.299396 0.314804 0.310574 0.303927 0.290634 0.338671 0.293051 0.301208 0.298187 0.275227 0.223565 0.124471 0.126586 0 0.143202 0.215408
Atlant_cod    0.338066 0.336556 0.338066 0.336858 0.338671 0.341088 0.334743 0.303927 0.305136 0.303927 0.305136 0.304532 0.299698 0.306344 0.306949 0.317523 0.312689 0.318429 0.300302 0.342598 0.294864 0.305136 0.305136 0.287311 0.248036 0.16284 0.164048 0.143202 0 0.229305
_bichir       0.334139 0.332326 0.333535 0.33565 0.338973 0.337462 0.33565 0.316616 0.314502 0.316314 0.309668 0.313293 0.307553 0.309366 0.310574 0.317221 0.316616 0.313897 0.309063 0.341692 0.296979 0.303625 0.309668 0.295166 0.248943 0.214804 0.218731 0.215408 0.229305 0
