30
Homo_sap    0.00000  0.04139  0.04290  0.05257  0.10846  0.10423  0.10060  0.21903  0.21994  0.21994  0.21027  0.20816  0.21208  0.22659  0.22810  0.25287  0.24834  0.23716  0.21420  0.29184  0.27009  0.27341  0.27764  0.33565  0.33414  0.32931  0.33202  0.33172  0.33807  0.33414 
Pan_trog    0.04139  0.00000  0.02145  0.05438  0.10665  0.10363  0.09940  0.21722  0.21873  0.21873  0.20755  0.20574  0.21148  0.22598  0.22749  0.25317  0.24864  0.23595  0.21541  0.29305  0.26888  0.26979  0.27462  0.33474  0.33474  0.32779  0.32961  0.32961  0.33656  0.33233 
Pan_panisc  0.04290  0.02145  0.00000  0.05196  0.10483  0.10181  0.09698  0.21934  0.22085  0.21934  0.21057  0.20695  0.21511  0.22749  0.22900  0.25317  0.25015  0.23716  0.21722  0.29668  0.26949  0.27190  0.27553  0.33656  0.33474  0.32900  0.33142  0.33202  0.33807  0.33353 
Gorilla     0.05257  0.05438  0.05196  0.00000  0.10725  0.10363  0.09909  0.22175  0.22266  0.22417  0.21239  0.20937  0.21601  0.22900  0.23021  0.25740  0.25257  0.23625  0.22205  0.29698  0.27251  0.27432  0.27583  0.33897  0.33837  0.33172  0.33353  0.33142  0.33686  0.33565 
Pongo_pygB  0.10846  0.10665  0.10483  0.10725  0.00000  0.04381  0.11813  0.22931  0.22931  0.23444  0.22205  0.21662  0.22779  0.23776  0.23716  0.25861  0.25650  0.24230  0.22417  0.29909  0.27583  0.27915  0.28066  0.33837  0.33807  0.33233  0.33535  0.33051  0.33867  0.33897 
Pongo_pygS  0.10423  0.10363  0.10181  0.10363  0.04381  0.00000  0.11813  0.22870  0.22900  0.23172  0.21934  0.21571  0.22719  0.23625  0.23656  0.26163  0.25740  0.24018  0.22145  0.30181  0.27130  0.27613  0.27855  0.33505  0.33807  0.33082  0.33233  0.33112  0.34109  0.33746 
Hylobat_la  0.10060  0.09940  0.09698  0.09909  0.11813  0.11813  0.00000  0.22115  0.22085  0.22326  0.21148  0.20997  0.21782  0.22961  0.22991  0.25136  0.24683  0.23656  0.21480  0.29426  0.27069  0.27160  0.26979  0.33565  0.33505  0.32749  0.33021  0.32477  0.33474  0.33565 
harbor_sel  0.21903  0.21722  0.21934  0.22175  0.22931  0.22870  0.22115  0.00000  0.01541  0.09305  0.11027  0.10997  0.11631  0.14502  0.14411  0.21390  0.20967  0.20121  0.15287  0.25015  0.22205  0.23686  0.22840  0.31873  0.30846  0.29758  0.29607  0.29668  0.30393  0.31662 
grey_seal   0.21994  0.21873  0.22085  0.22266  0.22931  0.22900  0.22085  0.01541  0.00000  0.09335  0.11027  0.11027  0.12054  0.14713  0.14743  0.21480  0.21057  0.20181  0.15529  0.24985  0.22175  0.23807  0.22840  0.31903  0.30665  0.29728  0.29698  0.29607  0.30514  0.31450 
Felis_cat   0.21994  0.21873  0.21934  0.22417  0.23444  0.23172  0.22326  0.09305  0.09335  0.00000  0.10060  0.10755  0.11299  0.14894  0.14864  0.20363  0.20363  0.19486  0.15287  0.25438  0.22266  0.23202  0.23051  0.32024  0.30755  0.29970  0.30000  0.30030  0.30393  0.31631 
Equus_cab   0.21027  0.20755  0.21057  0.21239  0.22205  0.21934  0.21148  0.11027  0.11027  0.10060  0.00000  0.07492  0.10151  0.12931  0.12810  0.20393  0.20211  0.18701  0.14834  0.25076  0.21148  0.22961  0.22205  0.31631  0.30363  0.29637  0.29819  0.29879  0.30514  0.30967 
Rhinoceros  0.20816  0.20574  0.20695  0.20937  0.21662  0.21571  0.20997  0.10997  0.11027  0.10755  0.07492  0.00000  0.11118  0.13565  0.13474  0.20393  0.20060  0.19245  0.15468  0.24804  0.22085  0.23353  0.22810  0.31239  0.30272  0.30272  0.30091  0.29970  0.30453  0.31329 
Bos_ta_cow  0.21208  0.21148  0.21511  0.21601  0.22779  0.22719  0.21782  0.11631  0.12054  0.11299  0.10151  0.11118  0.00000  0.11903  0.11722  0.20906  0.20483  0.19396  0.16073  0.24199  0.21662  0.22870  0.22568  0.31511  0.29698  0.29970  0.29789  0.29879  0.29970  0.30755 
fin_whale   0.22659  0.22598  0.22749  0.22900  0.23776  0.23625  0.22961  0.14502  0.14713  0.14894  0.12931  0.13565  0.11903  0.00000  0.02266  0.22477  0.22115  0.21027  0.17523  0.26224  0.22991  0.24350  0.23474  0.32054  0.30785  0.29668  0.29577  0.29940  0.30634  0.30937 
blue_whale  0.22810  0.22749  0.22900  0.23021  0.23716  0.23656  0.22991  0.14411  0.14743  0.14864  0.12810  0.13474  0.11722  0.02266  0.00000  0.22296  0.21903  0.21027  0.17704  0.26224  0.22900  0.24441  0.23565  0.31903  0.30544  0.29758  0.29789  0.29940  0.30695  0.31057 
Rattus_norv 0.25287  0.25317  0.25317  0.25740  0.25861  0.26163  0.25136  0.21390  0.21480  0.20363  0.20393  0.20393  0.20906  0.22477  0.22296  0.00000  0.09547  0.21722  0.19909  0.27583  0.24592  0.25166  0.24683  0.33535  0.32175  0.31239  0.31329  0.31480  0.31752  0.31722 
Mus_mouse   0.24834  0.24864  0.25015  0.25257  0.25650  0.25740  0.24683  0.20967  0.21057  0.20363  0.20211  0.20060  0.20483  0.22115  0.21903  0.09547  0.00000  0.21360  0.19909  0.27492  0.24411  0.24834  0.24562  0.33233  0.31782  0.31057  0.30846  0.31057  0.31269  0.31662 
guinea_pig  0.23716  0.23595  0.23716  0.23625  0.24230  0.24018  0.23656  0.20121  0.20181  0.19486  0.18701  0.19245  0.19396  0.21027  0.21027  0.21722  0.21360  0.00000  0.18338  0.26707  0.23656  0.24048  0.24441  0.32054  0.30937  0.30755  0.30725  0.30393  0.31843  0.31390 
rabbit      0.21420  0.21541  0.21722  0.22205  0.22417  0.22145  0.21480  0.15287  0.15529  0.15287  0.14834  0.15468  0.16073  0.17523  0.17704  0.19909  0.19909  0.18338  0.00000  0.25257  0.21601  0.23112  0.22508  0.31511  0.30332  0.29486  0.29335  0.29063  0.30030  0.30906 
hedgehog    0.29184  0.29305  0.29668  0.29698  0.29909  0.30181  0.29426  0.25015  0.24985  0.25438  0.25076  0.24804  0.24199  0.26224  0.26224  0.27583  0.27492  0.26707  0.25257  0.00000  0.27462  0.28036  0.28187  0.35015  0.34018  0.33988  0.34079  0.33867  0.34260  0.34169 
wallaroo    0.27009  0.26888  0.26949  0.27251  0.27583  0.27130  0.27069  0.22205  0.22175  0.22266  0.21148  0.22085  0.21662  0.22991  0.22900  0.24592  0.24411  0.23656  0.21601  0.27462  0.00000  0.14320  0.20453  0.30725  0.29758  0.28973  0.29124  0.29305  0.29486  0.29698 
opossum     0.27341  0.26979  0.27190  0.27432  0.27915  0.27613  0.27160  0.23686  0.23807  0.23202  0.22961  0.23353  0.22870  0.24350  0.24441  0.25166  0.24834  0.24048  0.23112  0.28036  0.14320  0.00000  0.21662  0.30816  0.29819  0.29698  0.30000  0.30121  0.30514  0.30363 
platypus    0.27764  0.27462  0.27553  0.27583  0.28066  0.27855  0.26979  0.22840  0.22840  0.23051  0.22205  0.22810  0.22568  0.23474  0.23565  0.24683  0.24562  0.24441  0.22508  0.28187  0.20453  0.21662  0.00000  0.31631  0.30634  0.30091  0.29909  0.29819  0.30514  0.30967 
chicken     0.33565  0.33474  0.33656  0.33897  0.33837  0.33505  0.33565  0.31873  0.31903  0.32024  0.31631  0.31239  0.31511  0.32054  0.31903  0.33535  0.33233  0.32054  0.31511  0.35015  0.30725  0.30816  0.31631  0.00000  0.28036  0.27432  0.27553  0.27523  0.28731  0.29517 
Xenopus_la  0.33414  0.33474  0.33474  0.33837  0.33807  0.33807  0.33505  0.30846  0.30665  0.30755  0.30363  0.30272  0.29698  0.30785  0.30544  0.32175  0.31782  0.30937  0.30332  0.34018  0.29758  0.29819  0.30634  0.28036  0.00000  0.22689  0.23172  0.22356  0.24804  0.24894 
carp        0.32931  0.32779  0.32900  0.33172  0.33233  0.33082  0.32749  0.29758  0.29728  0.29970  0.29637  0.30272  0.29970  0.29668  0.29758  0.31239  0.31057  0.30755  0.29486  0.33988  0.28973  0.29698  0.30091  0.27432  0.22689  0.00000  0.09607  0.12447  0.16284  0.21480 
loach       0.33202  0.32961  0.33142  0.33353  0.33535  0.33233  0.33021  0.29607  0.29698  0.30000  0.29819  0.30091  0.29789  0.29577  0.29789  0.31329  0.30846  0.30725  0.29335  0.34079  0.29124  0.30000  0.29909  0.27553  0.23172  0.09607  0.00000  0.12659  0.16405  0.21873 
trout       0.33172  0.32961  0.33202  0.33142  0.33051  0.33112  0.32477  0.29668  0.29607  0.30030  0.29879  0.29970  0.29879  0.29940  0.29940  0.31480  0.31057  0.30393  0.29063  0.33867  0.29305  0.30121  0.29819  0.27523  0.22356  0.12447  0.12659  0.00000  0.14320  0.21541 
Atlant_cod  0.33807  0.33656  0.33807  0.33686  0.33867  0.34109  0.33474  0.30393  0.30514  0.30393  0.30514  0.30453  0.29970  0.30634  0.30695  0.31752  0.31269  0.31843  0.30030  0.34260  0.29486  0.30514  0.30514  0.28731  0.24804  0.16284  0.16405  0.14320  0.00000  0.22931 
_bichir     0.33414  0.33233  0.33353  0.33565  0.33897  0.33746  0.33565  0.31662  0.31450  0.31631  0.30967  0.31329  0.30755  0.30937  0.31057  0.31722  0.31662  0.31390  0.30906  0.34169  0.29698  0.30363  0.30967  0.29517  0.24894  0.21480  0.21873  0.21541  0.22931  0.00000 
